22
1
BAS1107
2021-2022
1
1
10
25
1
2
BAS1151
2021-2022
1
2
10
20
1
3
BAS1204
2021-2022
1
3
10
30
0
4
BAS1224
2021-2022
1
1
10
20
1
5
BAS1157
2021-2022
1
2
10
20
1
6
BAS1226
2021-2022
1
3
10
20
1
7
ELE1433
2021-2022
1
1
10
20
1
8
INT1155
2021-2022
2
2
10
20
1
9
BAS1159
2021-2022
2
3
10
20
1
10
INT1306
2021-2022
2
1
10
20
0
11
INT13145
2021-2022
2
2
10
20
1
12
INT1359-3
2021-2022
2
3
10
20
1
13
INT1154
2020-2021
1
3
15
45
0
14
INT1154
2022-2023
1
3
15
45
0
15
BAS1224
2021-2022
2
1
10
20
1
16
SKD1102
2021-2022
2
1
5
20
1
17
BAS1201
2021-2022
2
1
5
20
1
18
INT1155
2021-2022
2
1
5
20
1
19
ELE1433
2021-2022
2
1
5
20
1
20
BAS1150
2021-2022
2
1
5
20
1
21
INT1306
2021-2022
2
2
20
30
1
22
BAS1157
2021-2022
2
1
20
30
1
